-0.004478 0.006823 0.000000
-0.001087 -0.003219 0.000000
0.001752 -0.005415 0.000000
-0.000630 -0.002627 0.000000
-0.004076 0.006596 0.000000
-0.005245 -0.001740 0.000000
-0.001239 0.004277 0.000000
0.000930 0.000355 0.000000
0.000090 -0.001313 0.000000
-0.002642 -0.001067 0.000000
0.002713 -0.005312 0.000000
-0.005906 0.010298 0.000000
-0.000633 0.006836 0.000000
0.001810 -0.006841 0.000000
0.003290 -0.018689 0.000000
-0.000949 -0.001045 0.000000
0.005204 -0.003583 0.000000
0.003067 -0.001980 0.000000
-0.000990 -0.003098 0.000000
-0.000692 -0.002651 0.000000
0.001066 -0.004504 0.000000
-0.004098 0.006449 0.000000
0.003373 -0.004660 0.000000
-0.001807 0.008716 0.000000
-0.000115 -0.000490 0.000000
-0.004035 0.011102 0.000000
-0.007552 0.018181 0.000000
-0.002295 0.008749 0.000000
0.004694 -0.015790 0.000000
-0.001329 0.003160 0.000000
-0.001102 0.000568 0.000000
0.007070 -0.012963 0.000000
0.006022 -0.010630 0.000000
-0.000281 0.005908 0.000000
0.003473 -0.006234 0.000000
-0.002031 -0.000205 0.000000
0.002344 -0.003772 0.000000
0.001864 0.004235 0.000000
0.004054 -0.004632 0.000000
-0.001479 0.000563 0.000000
0.005288 -0.011235 0.000000
0.002421 -0.001422 0.000000
0.000979 -0.001453 0.000000
-0.003315 -0.000146 0.000000
-0.000911 0.005997 0.000000
0.006281 -0.013921 0.000000
0.007573 -0.008216 0.000000
0.010762 -0.014862 0.000000
0.002767 -0.005416 0.000000
0.001608 0.001986 0.000000
0.001422 -0.003928 0.000000
0.000547 -0.000262 0.000000
0.011675 -0.019234 0.000000
-0.001810 0.003098 0.000000
0.007106 -0.016195 0.000000
0.000949 -0.001546 0.000000
-0.001491 0.001550 0.000000
-0.001747 0.005596 0.000000
0.005680 -0.003004 0.000000
0.002995 -0.009168 0.000000
-0.003601 0.002400 0.000000
-0.006418 0.005601 0.000000
0.001529 0.002111 0.000000
0.002719 -0.004341 0.000000
-0.000478 0.000767 0.000000
-0.002919 0.003587 0.000000
-0.002339 0.007849 0.000000
-0.003592 0.014425 0.000000
0.002869 -0.007654 0.000000
-0.002318 0.005631 0.000000
-0.003428 0.001194 0.000000
-0.007862 0.009102 0.000000
-0.007838 0.002445 0.000000
-0.010692 0.001724 0.000000
-0.009906 -0.002854 0.000000
-0.015413 0.003333 0.000000
-0.019989 0.015130 0.000000
-0.015283 0.003471 0.000000
-0.014508 -0.003315 0.000000
-0.019628 0.001041 0.000000
-0.020753 0.014144 0.000000
-0.018043 -0.007495 0.000000
-0.026563 0.000437 0.000000
-0.026655 -0.000229 0.000000
-0.021751 -0.007154 0.000000
-0.025719 -0.019631 0.000000
-0.028863 -0.006603 0.000000
-0.030578 0.006693 0.000000
-0.029334 -0.009363 0.000000
-0.030431 -0.004775 0.000000
-0.038729 0.043507 0.000000
-0.029083 -0.003365 0.000000
-0.029242 -0.000989 0.000000
-0.026988 -0.007422 0.000000
-0.023203 -0.003001 0.000000
-0.000755 -0.014768 0.000000
-0.012274 -0.008157 0.000000
-0.012757 0.011255 0.000000
-0.005146 -0.000613 0.000000
0.000388 0.001579 0.000000
0.001068 0.004182 0.000000
0.007272 0.010354 0.000000
0.013136 0.002738 0.000000
0.011054 0.014124 0.000000
0.016072 0.000897 0.000000
0.022927 0.003882 0.000000
0.020611 0.000521 0.000000
0.027356 0.006006 0.000000
0.039158 -0.016147 0.000000
0.036640 -0.001136 0.000000
0.044071 -0.001988 0.000000
0.048470 0.002190 0.000000
0.046261 0.007213 0.000000
0.054120 -0.000160 0.000000
0.051976 0.009923 0.000000
0.056622 0.002278 0.000000
0.056939 -0.000450 0.000000
0.062503 0.000227 0.000000
0.061427 0.002560 0.000000
0.059751 0.009506 0.000000
0.063879 0.007812 0.000000
0.058784 0.007000 0.000000
0.058664 0.007578 0.000000
0.063511 0.001648 0.000000
0.060393 0.014653 0.000000
0.055754 0.010284 0.000000
0.062753 0.001760 0.000000
0.053367 0.033578 0.000000
0.064210 -0.001837 0.000000
0.060560 0.002086 0.000000
0.063846 -0.000942 0.000000
0.059296 0.008930 0.000000
0.061076 0.010795 0.000000
0.065974 0.005414 0.000000
0.061784 0.009860 0.000000
0.060389 0.013947 0.000000
0.063618 0.013519 0.000000
0.065241 0.045591 0.000000
0.067090 0.005405 0.000000
0.066844 0.006515 0.000000
0.073309 -0.001602 0.000000
0.065939 0.017675 0.000000
0.073652 -0.006263 0.000000
0.079732 -0.006497 0.000000
0.075180 0.002521 0.000000
0.081835 0.000065 0.000000
0.076982 0.014720 0.000000
0.084917 0.006225 0.000000
0.089449 0.004930 0.000000
0.084544 0.012181 0.000000
0.072003 -0.021944 0.000000
0.091125 0.012192 0.000000
0.083382 0.013615 0.000000
0.081515 0.022507 0.000000
0.086351 0.013875 0.000000
0.090668 0.007536 0.000000
0.084916 0.006757 0.000000
0.086019 0.009107 0.000000
0.084597 0.029076 0.000000
0.088030 0.006707 0.000000
0.094458 -0.004176 0.000000
0.086219 0.011467 0.000000
0.091281 -0.000655 0.000000
0.083126 0.008918 0.000000
0.089007 -0.017164 0.000000
0.075636 0.013825 0.000000
0.076660 0.007462 0.000000
0.078286 -0.005524 0.000000
0.067349 0.013783 0.000000
0.071557 0.005444 0.000000
0.071871 0.005638 0.000000
0.074162 0.000322 0.000000
0.070949 0.008182 0.000000
0.067382 0.008655 0.000000
0.079542 -0.007833 0.000000
0.065975 0.028120 0.000000
0.080336 -0.001793 0.000000
0.081743 0.009724 0.000000
0.086307 -0.003681 0.000000
0.076161 0.012917 0.000000
0.093400 -0.011341 0.000000
0.085365 0.011098 0.000000
0.069661 0.014039 0.000000
0.095951 -0.000721 0.000000
0.089799 0.003527 0.000000
0.097173 0.001559 0.000000
0.084355 0.019927 0.000000
0.061239 0.036218 0.000000
0.106201 -0.000319 0.000000
0.093631 0.007803 0.000000
0.090333 0.007679 0.000000
0.095357 -0.004462 0.000000
0.094370 0.012373 0.000000
0.094143 0.015972 0.000000
0.089951 0.015292 0.000000
0.089695 0.017821 0.000000
0.088065 0.016026 0.000000
0.092530 0.011112 0.000000
0.079726 0.020921 0.000000
0.083157 0.011336 0.000000
0.083582 0.005649 0.000000
0.110075 -0.029088 0.000000
0.086037 0.006342 0.000000
0.092658 -0.015624 0.000000
0.086836 0.005774 0.000000
0.084859 -0.001677 0.000000
0.080468 0.002243 0.000000
0.087673 -0.005706 0.000000
0.074141 0.016483 0.000000
0.073889 0.016855 0.000000
0.071762 0.020534 0.000000
0.071468 0.012893 0.000000
0.068816 0.007661 0.000000
0.066086 0.002710 0.000000
0.057507 0.006701 0.000000
0.054442 0.007823 0.000000
0.055122 0.003659 0.000000
0.046853 0.005106 0.000000
0.046421 -0.002596 0.000000
0.038545 0.010972 0.000000
0.037096 0.020320 0.000000
0.033755 0.003820 0.000000
0.030288 -0.000279 0.000000
0.031286 -0.002211 0.000000
0.031221 -0.015689 0.000000
0.025827 0.004043 0.000000
0.028210 -0.001646 0.000000
0.024120 0.001883 0.000000
0.004985 -0.000633 0.000000
0.018663 0.008881 0.000000
0.033558 -0.000305 0.000000
0.024231 0.008626 0.000000
0.038273 -0.011658 0.000000
0.032863 0.001593 0.000000
0.034134 0.001242 0.000000
0.035825 -0.007256 0.000000
0.025809 0.010111 0.000000
0.024990 0.006253 0.000000
0.019116 0.015638 0.000000
0.008866 0.002622 0.000000
0.027307 0.012260 0.000000
0.040308 0.004564 0.000000
0.038747 0.004685 0.000000
0.034385 0.007081 0.000000
0.040855 -0.009590 0.000000
0.056464 -0.016139 0.000000
0.034798 0.000395 0.000000
0.045458 0.005308 0.000000
0.044788 0.009251 0.000000
0.055192 -0.000505 0.000000
0.050617 0.001362 0.000000
0.051289 -0.001038 0.000000
0.052499 0.004192 0.000000
0.050400 0.004023 0.000000
0.047922 0.005977 0.000000
0.050666 0.002111 0.000000
0.054562 -0.000242 0.000000
0.052606 0.005419 0.000000
0.057729 -0.007385 0.000000
0.047953 0.017357 0.000000
0.046684 0.014765 0.000000
0.042980 0.018738 0.000000
0.040937 0.016714 0.000000
0.053113 -0.003448 0.000000
0.040921 0.033879 0.000000
0.048696 0.000872 0.000000
0.050357 0.005798 0.000000
0.057586 -0.002338 0.000000
0.057105 0.004701 0.000000
0.053120 0.035204 0.000000
0.066669 -0.010924 0.000000
0.061624 -0.001372 0.000000
0.060894 0.009535 0.000000
0.072351 -0.011332 0.000000
0.066052 0.005720 0.000000
0.069129 0.001705 0.000000
0.073668 -0.004879 0.000000
0.065725 0.009826 0.000000
0.070399 0.003796 0.000000
0.074346 0.005297 0.000000
0.073658 0.008865 0.000000
0.066223 0.020670 0.000000
0.085629 -0.018536 0.000000
0.072722 0.003529 0.000000
0.069026 0.008522 0.000000
0.071009 -0.043892 0.000000
0.076091 0.007698 0.000000
0.081511 0.002823 0.000000
0.081113 0.003322 0.000000
0.080544 0.001828 0.000000
0.093866 -0.009578 0.000000
0.073182 0.015904 0.000000
0.084396 0.004568 0.000000
0.087483 0.008725 0.000000
0.090642 0.005082 0.000000
0.089207 0.005511 0.000000
0.088993 0.005997 0.000000
0.089368 0.008480 0.000000
0.086496 0.017772 0.000000
0.086773 0.012792 0.000000
0.079013 0.041276 0.000000
0.083473 0.008489 0.000000
0.079511 0.005839 0.000000
0.080734 -0.001395 0.000000
0.069603 0.009076 0.000000
0.063536 0.005779 0.000000
0.054809 -0.000640 0.000000
0.041939 0.001315 0.000000
0.035978 -0.000930 0.000000
0.020282 0.010608 0.000000
0.013985 -0.005450 0.000000
0.002403 -0.006917 0.000000
-0.008666 0.000648 0.000000
-0.014272 -0.004307 0.000000
-0.017937 -0.002440 0.000000
-0.021310 0.001649 0.000000
-0.016978 -0.003986 0.000000
-0.017283 -0.004498 0.000000
-0.027693 0.008355 0.000000
-0.029827 0.005819 0.000000
-0.022759 -0.006156 0.000000
-0.020433 -0.006732 0.000000
-0.020895 0.003934 0.000000
-0.015210 -0.000975 0.000000
-0.013783 -0.004327 0.000000
-0.006468 -0.024926 0.000000
-0.003958 -0.009825 0.000000
-0.001885 -0.013285 0.000000
-0.007732 0.004910 0.000000
-0.009828 0.006792 0.000000
-0.012070 0.012082 0.000000
-0.048443 0.015356 0.000000
-0.011386 -0.010207 0.000000
-0.009382 -0.005129 0.000000
-0.014250 0.007726 0.000000
-0.005170 -0.004525 0.000000
-0.006187 -0.000031 0.000000
-0.004415 -0.003294 0.000000
-0.005467 -0.001072 0.000000
-0.005627 -0.001699 0.000000
